\fontsize{5}{5.5}\selectfont
{\tabcolsep=0.4mm
\begin{tabular}{p{14mm}|p{6mm}p{6mm}p{6mm}p{6mm}p{6mm}p{6mm}p{6mm}p{6mm}p{6mm}p{6mm}p{6mm}p{6mm}p{6mm}p{6mm}p{6mm}p{6mm}p{6mm}p{6mm}p{6mm}p{6mm}p{6mm}} \multicolumn{1}{p{18mm}|}{\backslashbox{被引用分野}{引用分野}}  & {数学} & {数理工学} & {電子情報工学} & {化学工学・エネルギー工学} & {機械・土木建築} & {応用化学} & {金属・セラミックス} & {物性物理} & {化学} & {素粒子・天体物理} & {分析化学} & {農学・食品学} & {地球科学} & {気象・環境} & {水産・海洋} & {動植物学} & {獣医学・感染症} & {心理・神経科学} & {臨床医学1} & {臨床医学2} & {生化学・生理学} \\

\hline
数学 & 1.714 & 0.04 & 0.114 & 0.006 & 0.051 & 0.001 & 0.001 & 0.03 & 0.001 & 0.024 & 0. & 0. & 0.004 & 0.003 & 0. & 0.005 & 0. & 0.001 & 0.001 & 0. & 0.001 \\
数理工学 & 0.04 & 1.694 & 0.133 & 0.014 & 0.017 & 0.001 & 0.015 & 0.03 & 0.001 & 0.001 & 0.003 & 0.002 & 0.001 & 0.011 & 0.002 & 0.006 & 0.002 & 0.004 & 0.005 & 0.014 & 0.004 \\
電子情報工学 & 0.114 & 0.133 & 1.56 & 0.021 & 0.053 & 0.002 & 0.009 & 0.032 & 0.003 & 0.003 & 0.005 & 0.001 & 0.002 & 0.008 & 0.001 & 0.004 & 0.001 & 0.019 & 0.015 & 0.006 & 0.009 \\
化学工学・エネルギー工学 & 0.006 & 0.014 & 0.021 & 1.491 & 0.082 & 0.081 & 0.05 & 0.026 & 0.072 & 0.001 & 0.036 & 0.039 & 0.009 & 0.063 & 0.001 & 0.004 & 0. & 0. & 0.001 & 0.001 & 0.002 \\
機械・土木建築 & 0.051 & 0.017 & 0.053 & 0.082 & 1.553 & 0.03 & 0.088 & 0.04 & 0.004 & 0.006 & 0.006 & 0.001 & 0.006 & 0.033 & 0.01 & 0.002 & 0. & 0.007 & 0.009 & 0.001 & 0.002 \\
応用化学 & 0.001 & 0.001 & 0.002 & 0.081 & 0.03 & 1.448 & 0.069 & 0.043 & 0.145 & 0.001 & 0.045 & 0.037 & 0.004 & 0.01 & 0.002 & 0.004 & 0.009 & 0.004 & 0.033 & 0.006 & 0.025 \\
金属・セラミックス & 0.001 & 0.015 & 0.009 & 0.05 & 0.088 & 0.069 & 1.467 & \underline{0.174} & 0.084 & 0.001 & 0.019 & 0.001 & 0.008 & 0.005 & 0. & 0. & 0. & 0. & 0.006 & 0. & 0.002 \\
物性物理 & 0.03 & 0.03 & 0.032 & 0.026 & 0.04 & 0.043 & \underline{0.174} & 1.285 & 0.121 & 0.109 & 0.031 & 0.001 & 0.024 & 0.018 & 0.001 & 0.002 & 0.002 & 0.003 & 0.006 & 0.001 & 0.019 \\
化学 & 0.001 & 0.001 & 0.003 & 0.072 & 0.004 & 0.145 & 0.084 & 0.121 & 1.313 & 0.004 & 0.094 & 0.034 & 0.011 & 0.019 & 0.003 & 0.003 & 0.007 & 0.007 & 0.006 & 0.004 & 0.062 \\
素粒子・天体物理 & 0.024 & 0.001 & 0.003 & 0.001 & 0.006 & 0.001 & 0.001 & 0.109 & 0.004 & 1.805 & 0.002 & 0. & 0.01 & 0.025 & 0. & 0. & 0. & 0. & 0.001 & 0. & 0.005 \\
分析化学 & 0. & 0.003 & 0.005 & 0.036 & 0.006 & 0.045 & 0.019 & 0.031 & 0.094 & 0.002 & 1.502 & 0.088 & 0.016 & 0.057 & 0.008 & 0.009 & 0.008 & 0.009 & 0.006 & 0.015 & 0.042 \\
農学・食品学 & 0. & 0.002 & 0.001 & 0.039 & 0.001 & 0.037 & 0.001 & 0.001 & 0.034 & 0. & 0.088 & 1.35 & 0.009 & 0.06 & 0.049 & 0.091 & 0.087 & 0.01 & 0.011 & 0.044 & 0.084 \\
地球科学 & 0.004 & 0.001 & 0.002 & 0.009 & 0.006 & 0.004 & 0.008 & 0.024 & 0.011 & 0.01 & 0.016 & 0.009 & 1.662 & \underline{0.159} & 0.029 & 0.027 & 0.001 & 0.001 & 0.001 & 0. & 0.015 \\
気象・環境 & 0.003 & 0.011 & 0.008 & 0.063 & 0.033 & 0.01 & 0.005 & 0.018 & 0.019 & 0.025 & 0.057 & 0.06 & \underline{0.159} & 1.287 & 0.115 & 0.07 & 0.006 & 0.004 & 0.004 & 0.017 & 0.026 \\
水産・海洋 & 0. & 0.002 & 0.001 & 0.001 & 0.01 & 0.002 & 0. & 0.001 & 0.003 & 0. & 0.008 & 0.049 & 0.029 & 0.115 & 1.55 & \underline{0.152} & 0.023 & 0.018 & 0.002 & 0.002 & 0.032 \\
動植物学 & 0.005 & 0.006 & 0.004 & 0.004 & 0.002 & 0.004 & 0. & 0.002 & 0.003 & 0. & 0.009 & 0.091 & 0.027 & 0.07 & \underline{0.152} & 1.497 & 0.026 & 0.011 & 0.001 & 0.002 & 0.083 \\
獣医学・感染症 & 0. & 0.002 & 0.001 & 0. & 0. & 0.009 & 0. & 0.002 & 0.007 & 0. & 0.008 & 0.087 & 0.001 & 0.006 & 0.023 & 0.026 & 1.498 & 0.028 & 0.043 & 0.127 & 0.131 \\
心理・神経科学 & 0.001 & 0.004 & 0.019 & 0. & 0.007 & 0.004 & 0. & 0.003 & 0.007 & 0. & 0.009 & 0.01 & 0.001 & 0.004 & 0.018 & 0.011 & 0.028 & 1.518 & 0.07 & 0.113 & \underline{0.172} \\
臨床医学1 & 0.001 & 0.005 & 0.015 & 0.001 & 0.009 & 0.033 & 0.006 & 0.006 & 0.006 & 0.001 & 0.006 & 0.011 & 0.001 & 0.004 & 0.002 & 0.001 & 0.043 & 0.07 & 1.459 & \underline{0.197} & 0.121 \\
臨床医学2 & 0. & 0.014 & 0.006 & 0.001 & 0.001 & 0.006 & 0. & 0.001 & 0.004 & 0. & 0.015 & 0.044 & 0. & 0.017 & 0.002 & 0.002 & 0.127 & 0.113 & \underline{0.197} & 1.267 & \underline{0.184} \\
生化学・生理学 & 0.001 & 0.004 & 0.009 & 0.002 & 0.002 & 0.025 & 0.002 & 0.019 & 0.062 & 0.005 & 0.042 & 0.084 & 0.015 & 0.026 & 0.032 & 0.083 & 0.131 & \underline{0.172} & 0.121 & \underline{0.184} & 0.979 \\
\end{tabular}}
